	January	February	March	April	May	June	July 	August 	September	October 	November 	December
1950	49.04	23.84	26.65	31.78	21.33	9.9	37.58	8.58	38.56	6	26.39	24.58
1951	36.11	25.06	18.36	39.72	30.08	16.74	24.05	55.26	12.08	44.27	32.35	81.53
1952	50.93	19.9	48.98	39.77	26.74	27.76	32.58	43.15	23.12	0.2	27.73	29.67
1953	28	17.9	30.36	36.24	31.36	13.41	44.11	43.87	2.6	39.58	32.71	18.47
1954	25.62	10.9	50.34	15.18	28.97	15.47	36.04	23.43	54.86	30.22	25.15	22.78
1955	29.55	43.09	15.02	18.1	27.5	16.89	27.18	51.26	13.7	10.35	36.45	34.31
1956	55.43	25.56	11.37	30.05	21.65	6.73	27.79	20.47	3.79	26.7	13.97	27.49
1957	73.47	23.37	35.39	62.7	80.74	32.93	46.76	69.99	5.63	64.28	57.86	25.15
1958	19.02	38.16	46.02	27.23	20.57	11.29	12.68	26.23	34.91	13.24	27.6	17.85
1959	16.82	44.03	20.55	31.2	21.9	23.92	17.1	48.86	46.17	43.4	12.84	34.26
1960	27.07	46.22	33.72	25.53	21.3	13.82	15.18	14.28	24.33	49.96	30.48	23.07
1961	8.21	18.58	55.74	31.86	25.32	5.93	24.77	51.63	76.98	45.74	28.58	28.29
1962	37.36	59.77	21.13	28	25.8	13.17	15.45	11.94	36.06	33.72	22.98	15.85
1963	30.97	26.03	28.58	36.25	7.82	22.68	21.64	72.28	34.18	25.51	21.87	13.39
1964	19.3	15.2	38.31	47.55	31.05	26.84	27.4	40.45	24.09	3.47	44.68	63.27
1965	35.47	26.07	35.54	47.5	48.11	45.77	56.75	40.33	56.3	22.74	51.19	53.44
1966	11.04	24.13	10.94	21.2	25.41	17	29.12	33.91	27.16	27.14	20.87	66.12
1967	29.26	15.34	22.07	19.34	43.36	51.17	37.02	38.14	32.27	14.66	18.36	61.12
1968	14.79	38.11	23.64	50.8	30.3	16.72	34.75	59.15	11.4	22.07	26.15	30.14
1969	66.46	43.11	22.11	22.87	18.88	64.26	34.91	35.96	31.84	71.07	19.66	25.3
1970	22.88	9.49	47.05	33.97	10.91	39.58	33.52	33.78	48.62	39.17	38.82	27.02
1971	23.85	26.58	16.67	34.31	42.73	5.24	19.66	41.2	30.25	62.38	27.2	49.46
1972	18.06	10.01	13.76	22.78	15.32	33.85	13.28	25.64	34.41	108.32	35.6	51.07
1973	27.41	18.8	47.85	40.74	37.11	30.16	42.31	28.41	32.19	12.88	35.25	31.35
1974	54.09	13.87	26.87	34.66	3.78	12.06	38.26	14.03	12.6	53.94	24.26	23.96
1975	35.67	30.52	56.81	35.67	40.44	24.7	43.73	15.66	20.04	25.43	30.28	20.83
1976	13.86	43.1	27.13	31.53	41.37	19.8	28.73	26.3	37.64	9.31	5.15	3.07
1977	20.56	12.19	17.48	19.54	29.52	7.99	52.91	47.16	22.26	23.05	31.28	31.46
1978	56.17	37.81	56.2	43.85	43.08	10.96	13.96	19.58	23.39	22.77	62.29	64.51
1979	58.73	28.84	55.82	18.81	47.42	14.24	14.44	34.52	4.04	29.5	35.25	20.47
1980	78.91	60.78	49.82	27.14	56.97	3.68	19.58	31.08	32.09	35.6	17.13	13.28
1981	11.05	14.3	50.13	23.49	61.35	15.63	45.42	32.51	31.43	70.09	25	34.59
1982	43.43	23.7	49.27	20.14	34.03	11.93	34.23	53.45	75.85	26.72	45.42	32.35
1983	22.44	31.24	62.68	40.12	47.19	34.74	43.25	46.2	36.18	28.95	65.45	73.14
1984	14.78	17.1	37.98	43.35	18.56	45.33	46.37	53.15	35.2	57.98	22.29	45.82
1985	27.32	19.26	55.49	49.34	30.34	17.08	52.17	9.37	55.38	47.27	65.58	22.13
1986	11.68	51.89	32.36	54.47	30.93	22.23	50.94	40.24	58.94	48.71	44.15	14.8
1987	30.07	37.34	39.05	16.18	45.88	16.83	41.56	48.28	11.06	36.32	45.11	34.65
1988	38.37	18.3	26.33	38.49	27.66	24.02	16	39.18	31.04	7.99	39.76	28.45
1989	26.76	39.81	28.42	13.37	17.88	13.28	34.46	34.14	23.21	20.65	13.08	11.6
1990	23.27	28.63	34.71	42.69	23.26	19.63	40.68	27.58	45.19	35.17	30.8	29.62
1991	23.88	12.32	49.81	28.82	30.12	25.58	30.89	39.86	39.78	30.53	48.56	23.92
1992	16.9	28.44	45.44	17.32	63.23	16.95	43.08	38.76	20.57	31.31	30.39	38.86
1993	66.3	59.22	40.68	35.4	43.95	20.22	13.97	49.38	19.88	50.37	30.32	14.96
1994	15.75	39.8	20.15	47.05	20.37	10.8	9.23	33.8	36.73	48.31	43.66	24.13
1995	39.18	30.62	56.27	47.46	83.39	36.06	28.31	33.05	35.75	15.17	23.57	22.45
1996	46.33	37.57	27	25.74	28.91	23.33	23.12	16.3	42.95	49.3	46.46	43.63
1997	59.4	23.46	12.14	56.5	38.57	29.08	32.27	62.54	77.67	39.29	26	20.31
1998	30.12	35.86	46.28	34.48	18.35	37.78	45.6	25.64	31.81	67.84	32.62	16.41
1999	28.66	24.7	12.68	77.53	39.12	25.1	51.63	61.98	30.4	5.92	7.45	17.7
2000	37.55	37.97	50.15	20.06	23.06	14.06	16.24	39.32	31.58	52.07	23.9	22.52
2001	25.95	33.9	30.88	37.34	27.49	10.83	31.69	44.48	14.24	17.36	30.97	23.51
2002	12.77	10.08	23	17.75	9.03	4.07	21.03	19.05	61.4	40.08	29.25	20.18
2003	11.78	43.57	39.1	21.52	29.05	20.49	13.56	36.13	35.41	15.48	42.6	32.59
2004	22.46	38.74	10.46	56.62	14.13	22.36	25	23.89	56.4	56.38	42.69	27.28
2005	64.59	42.23	32.89	36.7	31.86	35.34	15.23	40.36	38.22	41.38	23.46	29.11
2006	29.23	14.06	47.9	22.44	10.96	10.17	43.37	40.52	47.66	83.25	22.37	22.75
2007	20.8	27.87	25.6	27.73	31.41	8.52	33.8	43.4	48.56	29.48	10.75	66.47
2008	51.46	44.79	22.57	19.41	35.37	15.68	20.61	31.75	25.75	21.89	26.29	54.75
2009	29.62	21.82	25.08	42.15	40.74	47.23	19.79	14.88	23.63	31.39	12.83	39.34
2010	37.18	31.02	35.48	39.9	27.8	22.84	33.17	47.87	17.24	54.64	29.05	67.25
2011	16.05	30.38	32.48	52.64	54.9	13.64	48.93	27.18	29.88	40.86	28.37	19.61
2012	23.39	32.72	13.45	18.39	10.73	2.01	44.05	26.29	24.87	19.56	15.13	41.72
2013	29.85	18.05	21.24	37.89	28.1	1.44	44.19	43.44	83.69	40.65	34.99	26.45
2014	22.84	30.63	29.15	23.66	35.9	8.23	35.31	62.76	62.52	15.87	28.66	38.46
2015	21.29	28.8	23.14	31.4	78.65	32.3	49.48	36.83	23	42.75	37.69	40.56
2016	34.18	17.36	30.42	43.35	49.13	10.25	22.49	38.45	45.18	24.14	29.84	50.31
2017	67.84	39.23	28.31	30.6	28.67	5.28	42.82	26.71	40.26	14.94	16.1	11.86
2018	21.21	28.79	26.01	25.16	22.98	10.68	23.68	26.36	8.48	65.72	22.71	24.17
2019	38.61	56.23	65.8	38.63	64.24	21.11	14.53	14.35	21.88	15.63	33.54	38.2